B000W8PTOC 0.119736200 0.140130621 0.043447269 0.303331114 0.393354796 MAX TOPIC: 4
B00EDO9JVU 0.198851235 0.201447536 0.199257505 0.201922706 0.198521018 MAX TOPIC: 3
B001PRH95Q 0.181837533 0.216327532 0.188664558 0.235029870 0.178140508 MAX TOPIC: 3
B00CHHE2RQ 0.193775756 0.202125864 0.197752963 0.213688766 0.192656651 MAX TOPIC: 3
B003UBI3UK 0.197313867 0.201675848 0.197718380 0.206389404 0.196902502 MAX TOPIC: 3
B000P9KICQ 0.199115510 0.200430411 0.199547062 0.201790112 0.199116904 MAX TOPIC: 3
B004SQN3ME 0.142567091 0.238173571 0.159903051 0.317909484 0.141446804 MAX TOPIC: 3
B002G1YP5M 0.195720510 0.203425059 0.197436038 0.208199067 0.195219326 MAX TOPIC: 3
B006GA3ZRI 0.198007559 0.200607288 0.199334677 0.203390994 0.198659481 MAX TOPIC: 3
B00E0C2YQC 0.136088617 0.222185422 0.157355451 0.346307901 0.138062609 MAX TOPIC: 3
B00DEDGJ6Y 0.199033079 0.200438815 0.199417185 0.201995625 0.199115297 MAX TOPIC: 3
B002KEYJHY 0.199276657 0.200421389 0.199532493 0.201520900 0.199248561 MAX TOPIC: 3
B004UBIG06 0.147930013 0.228061488 0.165563247 0.307537268 0.150907984 MAX TOPIC: 3
B004NEQCO2 0.190746689 0.207953254 0.194874997 0.216463580 0.189961480 MAX TOPIC: 3
B00BGE8CT0 0.196868860 0.201793889 0.197765468 0.206652125 0.196919659 MAX TOPIC: 3
B003ENVLK8 0.197750801 0.202056964 0.198694338 0.202775541 0.198722356 MAX TOPIC: 3
B004UBSGS8 0.178714064 0.211350971 0.188044779 0.243796076 0.178094110 MAX TOPIC: 3
B002E9HHY2 0.038440446 0.169135843 0.156091941 0.609806198 0.026525571 MAX TOPIC: 3
B000IXQPNK 0.141209691 0.231499093 0.158225456 0.326059850 0.143005910 MAX TOPIC: 3
B000HGKKNY 0.199154071 0.204040142 0.190384508 0.218048333 0.188372946 MAX TOPIC: 3
B0038KSVBO 0.191212687 0.206494412 0.195458162 0.214712592 0.192122147 MAX TOPIC: 3
B003TW77KC 0.000000000 0.000003375 0.000000000 0.999996625 0.000000000 MAX TOPIC: 3
B002VJJLFI 0.199065572 0.200574004 0.199470085 0.201165767 0.199724572 MAX TOPIC: 3
B001VIZ4V0 0.201266801 0.198703626 0.193233518 0.206063711 0.200732344 MAX TOPIC: 3
B000TO11SW 0.176756883 0.212884815 0.161951069 0.293753871 0.154653363 MAX TOPIC: 3
B000FDMJW4 0.188072415 0.210404543 0.191421744 0.223449642 0.186651656 MAX TOPIC: 3
B003ZVP1MI 0.197863029 0.201551114 0.199206509 0.203438148 0.197941200 MAX TOPIC: 3
B00CDT1GVI 0.196508849 0.201302241 0.197707065 0.207087305 0.197394540 MAX TOPIC: 3
B00318PC8S 0.197390260 0.202183517 0.198519193 0.204700060 0.197206970 MAX TOPIC: 3
B000OEEVMA 0.199025087 0.200657984 0.199433109 0.202270090 0.198613730 MAX TOPIC: 3
B0006BKH3S 0.000809851 0.032570716 0.056169258 0.620161289 0.290288887 MAX TOPIC: 3
B002IYHKEU 0.197769852 0.202483215 0.197557759 0.206329002 0.195860171 MAX TOPIC: 3
B004XM03D0 0.171080570 0.216822841 0.182824489 0.259865351 0.169406748 MAX TOPIC: 3
B000H6RNM0 0.198920359 0.201960986 0.199087721 0.201134842 0.198896092 MAX TOPIC: 1
B000HWX436 0.198751981 0.200955547 0.199455414 0.202179461 0.198657597 MAX TOPIC: 3
B000BNR1O4 0.192692758 0.207994990 0.193234599 0.218808297 0.187269357 MAX TOPIC: 3
B004FKBY60 0.198725222 0.200943762 0.199316513 0.202447800 0.198566703 MAX TOPIC: 3
B008BL8TGM 0.194802678 0.201754203 0.197465352 0.211683056 0.194294711 MAX TOPIC: 3
B0049B1B0Y 0.200419061 0.201157157 0.191598776 0.209135732 0.197689274 MAX TOPIC: 3
B002EBL44Y 0.197127280 0.200590519 0.198333828 0.204973686 0.198974686 MAX TOPIC: 3
B005QUQPNK 0.199079723 0.200823089 0.199553299 0.201778662 0.198765227 MAX TOPIC: 3
B00K2SSK6Q 0.195952792 0.204275745 0.197374072 0.205952337 0.196445054 MAX TOPIC: 3
B002SNEA9Y 0.197342349 0.202335869 0.198979546 0.204085910 0.197256327 MAX TOPIC: 3
B002J7MULY 0.192597072 0.206777699 0.194599636 0.214499262 0.191526331 MAX TOPIC: 3
B005DDGW7Y 0.198597856 0.201689614 0.198534513 0.203047705 0.198130312 MAX TOPIC: 3
B004FRA748 0.193363208 0.204816064 0.196372492 0.211276632 0.194171604 MAX TOPIC: 3
B000JLG5ZO 0.151574754 0.231247583 0.161935471 0.313671395 0.141570797 MAX TOPIC: 3
B000HS0WU8 0.198164700 0.201457714 0.198479239 0.204515446 0.197382901 MAX TOPIC: 3
B000EDMXAI 0.199124711 0.200705833 0.199419833 0.201116495 0.199633127 MAX TOPIC: 3
B0071OU76U 0.173073946 0.217324350 0.184150607 0.253353295 0.172097803 MAX TOPIC: 3
B000PD68R6 0.199082827 0.201171133 0.199168252 0.202153630 0.198424158 MAX TOPIC: 3
B00ISFNSBW 0.050002143 0.192124742 0.073265869 0.632787625 0.051819621 MAX TOPIC: 3
B0007XFGCM 0.197849530 0.203016406 0.198495969 0.203007067 0.197631027 MAX TOPIC: 1
B000TP9P34 0.198183462 0.201604565 0.198808128 0.203195014 0.198208831 MAX TOPIC: 3
B00EI45ZY0 0.197539462 0.201723383 0.198691102 0.203787823 0.198258229 MAX TOPIC: 3
B000BMXJR8 0.000748847 0.042190658 0.000744336 0.850505443 0.105810717 MAX TOPIC: 3
B004UFOEZS 0.198339922 0.201125147 0.198643416 0.203739728 0.198151787 MAX TOPIC: 3
B000TGAWVM 0.191539413 0.206561378 0.193202063 0.220664312 0.188032834 MAX TOPIC: 3
B00CD0J4BG 0.167434721 0.212471009 0.178757931 0.273608855 0.167727485 MAX TOPIC: 3
B000LF642C 0.177971818 0.226021293 0.146486931 0.321202644 0.128317314 MAX TOPIC: 3
B0043GWD48 0.197807893 0.201995278 0.198158719 0.204545271 0.197492838 MAX TOPIC: 3
B00E6EI3NC 0.197641131 0.201452560 0.199049775 0.203683826 0.198172709 MAX TOPIC: 3
B000FAQ6S0 0.049158133 0.202276850 0.063264497 0.642525371 0.042775149 MAX TOPIC: 3
B00GYIXXVU 0.190046716 0.207121571 0.194715578 0.217961822 0.190154313 MAX TOPIC: 3
B00FBDMNY2 0.196676522 0.200843774 0.198202327 0.207626618 0.196650759 MAX TOPIC: 3
B008BDIPZ0 0.196796575 0.201879419 0.198457423 0.206149695 0.196716889 MAX TOPIC: 3
B00375EEXE 0.200514056 0.200644633 0.197871998 0.203042100 0.197927212 MAX TOPIC: 3
B002AF6LB0 0.194207066 0.201975204 0.193547109 0.204864122 0.205406499 MAX TOPIC: 4
B000AV3NPI 0.108600279 0.237325584 0.121194897 0.439095080 0.093784160 MAX TOPIC: 3
B004J9R85S 0.199279148 0.201052807 0.199451200 0.200895645 0.199321200 MAX TOPIC: 1
B00006JPFT 0.181279727 0.232191925 0.166594596 0.263906874 0.156026879 MAX TOPIC: 3
B00766BF1E 0.114393180 0.228919281 0.141764674 0.401740942 0.113181923 MAX TOPIC: 3
B000Y1SVEM 0.198868908 0.201436230 0.199626447 0.201597443 0.198470972 MAX TOPIC: 3
B00BLSZJT2 0.199188965 0.200378274 0.199467626 0.201807838 0.199157297 MAX TOPIC: 3
B000VVIU1Y 0.196258092 0.204949291 0.194915199 0.208668650 0.195208767 MAX TOPIC: 3
B002JSVD9S 0.196919607 0.201943420 0.198460792 0.205627352 0.197048829 MAX TOPIC: 3
B000P7Y8M4 0.187517428 0.207755268 0.189219704 0.221818791 0.193688809 MAX TOPIC: 3
B00E6EI9UY 0.199280333 0.200815694 0.199220159 0.202412267 0.198271547 MAX TOPIC: 3
B004Y6GO42 0.189788828 0.206211435 0.193372624 0.220227703 0.190399410 MAX TOPIC: 3
B000LREC2Y 0.198750774 0.200806277 0.199270390 0.202307668 0.198864890 MAX TOPIC: 3
B0041OS8J6 0.190918208 0.206442744 0.194551927 0.216735801 0.191351319 MAX TOPIC: 3
B0047A57N4 0.198392103 0.201244260 0.199178895 0.202157762 0.199026980 MAX TOPIC: 3
B00A62JR2O 0.178061946 0.214186580 0.186919025 0.234420967 0.186411483 MAX TOPIC: 3
B0099UPZ4I 0.191388450 0.206776424 0.194135843 0.215906001 0.191793282 MAX TOPIC: 3
B0036VNRUA 0.197569561 0.201973950 0.199048344 0.203981179 0.197426967 MAX TOPIC: 3
B001QXDU34 0.195987139 0.201579136 0.198100809 0.207330687 0.197002228 MAX TOPIC: 3
B004AQJAYC 0.199261752 0.200813837 0.199625138 0.200973548 0.199325725 MAX TOPIC: 3
B00AQ0IDHQ 0.199071134 0.202095068 0.196291386 0.208127572 0.194414839 MAX TOPIC: 3
B0033QXOYC 0.196533881 0.201909755 0.197800479 0.207327121 0.196428764 MAX TOPIC: 3
B0047A6SDW 0.198597767 0.201088781 0.199082937 0.202727458 0.198503058 MAX TOPIC: 3
B005XGWGAS 0.198949463 0.203603981 0.193691336 0.211696753 0.192058467 MAX TOPIC: 3
B003AHID7M 0.079858244 0.243455242 0.101103638 0.498019441 0.077563435 MAX TOPIC: 3
B004CZ3D9E 0.150668972 0.218848386 0.162296708 0.322431654 0.145754280 MAX TOPIC: 3
B003JJ3N5S 0.194848694 0.202846863 0.196640331 0.210713486 0.194950626 MAX TOPIC: 3
B0002UHUM4 0.179331832 0.231320894 0.169641078 0.256583949 0.163122247 MAX TOPIC: 3
B0047BD0PK 0.198446211 0.203118406 0.198664622 0.200865210 0.198905550 MAX TOPIC: 1
B00FBDTBA6 0.197810692 0.200765884 0.198764851 0.204973452 0.197685122 MAX TOPIC: 3
B000H6RNKW 0.198069713 0.204483657 0.195215105 0.210083497 0.192148028 MAX TOPIC: 3
B00J8FAC1A 0.198132073 0.201125048 0.198884418 0.203783640 0.198074821 MAX TOPIC: 3
B009MA38IK 0.199144480 0.200719737 0.199194670 0.202056546 0.198884567 MAX TOPIC: 3
B000E453LS 0.197770159 0.201508093 0.197368303 0.202919540 0.200433905 MAX TOPIC: 3
B00622AG6S 0.000000000 0.000000000 0.000000000 1.000000000 0.000000000 MAX TOPIC: 3
B00280L6RG 0.197923996 0.202696969 0.197628716 0.205388868 0.196361451 MAX TOPIC: 3
B001IWOFQY 0.196980148 0.203090350 0.198128924 0.204930511 0.196870067 MAX TOPIC: 3
B000NPRYWE 0.200225447 0.203469266 0.193952827 0.210254977 0.192097483 MAX TOPIC: 3
B0011ULQ1K 0.123100608 0.239032128 0.147710159 0.369211249 0.120945856 MAX TOPIC: 3
B002N0IQBK 0.193780773 0.201408762 0.190159746 0.208268994 0.206381725 MAX TOPIC: 3
B00FDUXF4A 0.197014447 0.201651722 0.198149156 0.205975877 0.197208799 MAX TOPIC: 3
B0030LOH0A 0.199726554 0.200641192 0.199307767 0.201726980 0.198597507 MAX TOPIC: 3
B000TWZ87Y 0.168250860 0.221776491 0.169110116 0.286905266 0.153957267 MAX TOPIC: 3
B0047HNP36 0.154295843 0.239046435 0.160217589 0.307551582 0.138888551 MAX TOPIC: 3
B004IOSN3K 0.193498834 0.205090324 0.196407089 0.212574707 0.192429045 MAX TOPIC: 3
B00475KP5E 0.199401094 0.200577829 0.199680850 0.201534452 0.198805775 MAX TOPIC: 3
B005DDHZ3E 0.199121658 0.200241469 0.199367326 0.202115231 0.199154316 MAX TOPIC: 3
B000LOYMRM 0.199229657 0.200365102 0.199649077 0.201308431 0.199447733 MAX TOPIC: 3
B005JR5FNQ 0.198487474 0.201254846 0.198998243 0.203087109 0.198172328 MAX TOPIC: 3
B0016KGEN0 0.190295903 0.205065460 0.195560393 0.218961135 0.190117109 MAX TOPIC: 3
B0047APVZ8 0.198866227 0.200863058 0.199250211 0.201997309 0.199023195 MAX TOPIC: 3
B004KEI14Y 0.197176325 0.201287328 0.198598734 0.205544669 0.197392943 MAX TOPIC: 3
B000FCP2ZQ 0.200990036 0.200704030 0.199106993 0.201359393 0.197839547 MAX TOPIC: 3
B000H70MRC 0.194584012 0.203311240 0.193855495 0.217525701 0.190723552 MAX TOPIC: 3
B0052D3890 0.175146588 0.221143159 0.185909737 0.242107846 0.175692669 MAX TOPIC: 3
B00070FHXS 0.086693789 0.198843134 0.103993380 0.353884377 0.256585320 MAX TOPIC: 3
B000BNNKJE 0.191630188 0.206860036 0.195315346 0.214415862 0.191778567 MAX TOPIC: 3
B00A6UYK0U 0.199366585 0.200609908 0.199547692 0.201130161 0.199345653 MAX TOPIC: 3
B000MXUCQC 0.195071414 0.203965063 0.196782630 0.209625733 0.194555159 MAX TOPIC: 3
B00170GIYE 0.183966916 0.212302456 0.190228681 0.230790168 0.182711779 MAX TOPIC: 3
B0001J3Q9W 0.130320463 0.234036835 0.148500974 0.342729846 0.144411883 MAX TOPIC: 3
B007OULZEO 0.195920958 0.204477982 0.197440308 0.206279759 0.195880994 MAX TOPIC: 3
B000UB85YW 0.197314676 0.202765835 0.196800159 0.208148922 0.194970408 MAX TOPIC: 3
B002AQJWSS 0.196432955 0.202747462 0.197742796 0.206798560 0.196278227 MAX TOPIC: 3
B001SJ8EY6 0.184388869 0.209080417 0.185790361 0.224195838 0.196544515 MAX TOPIC: 3
B004Y6GO06 0.199006053 0.200373924 0.199488231 0.202185631 0.198946161 MAX TOPIC: 3
B002OOWB48 0.193113722 0.203614652 0.196812844 0.213479807 0.192978975 MAX TOPIC: 3
B000NRB6RG 0.197539078 0.201945009 0.199064209 0.204545906 0.196905798 MAX TOPIC: 3
B000ZVSDB2 0.172122580 0.217024423 0.172085577 0.282229874 0.156537546 MAX TOPIC: 3
B009DTFLL2 0.195015734 0.202467877 0.197240785 0.209963612 0.195311992 MAX TOPIC: 3
B002RXLRIW 0.198917016 0.200311916 0.200101299 0.201838270 0.198831500 MAX TOPIC: 3
B001VB7MDU 0.199738972 0.200695207 0.199584434 0.200620562 0.199360825 MAX TOPIC: 1
B008H0G2KW 0.199156999 0.200278411 0.199386361 0.202159796 0.199018434 MAX TOPIC: 3
B000FD97Q0 0.198623623 0.201210715 0.199261831 0.202121842 0.198781989 MAX TOPIC: 3
B0073NO5E4 0.193340711 0.203712559 0.196228142 0.213338045 0.193380543 MAX TOPIC: 3
B004V3NOT6 0.143404055 0.225852517 0.158931169 0.327547213 0.144265046 MAX TOPIC: 3
B0061HBKO6 0.163310478 0.220373132 0.176848629 0.272657973 0.166809787 MAX TOPIC: 3
B00C6F2E6K 0.189809592 0.206860039 0.191901539 0.224121748 0.187307082 MAX TOPIC: 3
B000LKXIEY 0.197949583 0.201012153 0.198246136 0.205115527 0.197676601 MAX TOPIC: 3
B000NVDBJS 0.198389521 0.202093685 0.197029286 0.206213363 0.196274144 MAX TOPIC: 3
B0029EBLMG 0.160060726 0.222338786 0.172290548 0.283331979 0.161977961 MAX TOPIC: 3
B009O4678C 0.047175817 0.191680976 0.068447389 0.644771770 0.047924047 MAX TOPIC: 3
B0088L7NB2 0.195141757 0.205188743 0.196748105 0.208043097 0.194878299 MAX TOPIC: 3
B00016V3VI 0.128073932 0.240191300 0.141846245 0.361745414 0.128143110 MAX TOPIC: 3
B000OP8BBG 0.176661275 0.217593621 0.181956783 0.251115050 0.172673271 MAX TOPIC: 3
B00A9Z1UBO 0.076496176 0.217060422 0.101699334 0.526007651 0.078736415 MAX TOPIC: 3
B004MF2ZIY 0.195153571 0.203208754 0.197629842 0.208736939 0.195270894 MAX TOPIC: 3
B00IGHF0LS 0.201042124 0.200127459 0.199333332 0.200400419 0.199096665 MAX TOPIC: 0
B005917X96 0.188225739 0.208803367 0.192986643 0.221281132 0.188703119 MAX TOPIC: 3
B004H065JY 0.197563338 0.201397030 0.198556408 0.205220545 0.197262678 MAX TOPIC: 3
B009APBY0G 0.052049301 0.191130103 0.078100102 0.623481045 0.055239450 MAX TOPIC: 3
B007VZXIMY 0.197820872 0.200905557 0.198366620 0.204812502 0.198094449 MAX TOPIC: 3
B005CG2AX2 0.008831099 0.127710824 0.015748585 0.839586508 0.008122984 MAX TOPIC: 3
B0027ZAM9A 0.103869639 0.249608987 0.127218190 0.412472131 0.106831053 MAX TOPIC: 3
B000P9Y0LQ 0.194825935 0.201387018 0.196412791 0.208738551 0.198635705 MAX TOPIC: 3
B007P9KPOK 0.190062264 0.208170972 0.191123100 0.219038327 0.191605338 MAX TOPIC: 3
B0049MPVMC 0.181659037 0.211015693 0.187958559 0.237750904 0.181615807 MAX TOPIC: 3
B002C77QHY 0.198204328 0.201179684 0.199229905 0.203225553 0.198160530 MAX TOPIC: 3
B005TFJUXE 0.168245955 0.218287484 0.174498113 0.274766028 0.164202419 MAX TOPIC: 3
B003DREEWM 0.199182769 0.200253055 0.199493338 0.201896833 0.199174005 MAX TOPIC: 3
B003XMAD0O 0.199110154 0.200213282 0.199422005 0.201977481 0.199277078 MAX TOPIC: 3
B004J9UOOA 0.198994946 0.200787760 0.199239064 0.201976717 0.199001513 MAX TOPIC: 3
B000EPV5G4 0.193145217 0.206407284 0.196591373 0.210772705 0.193083420 MAX TOPIC: 3
B000CPQ9YO 0.192866448 0.212250879 0.185333882 0.224123887 0.185424904 MAX TOPIC: 3
B00A7T5G80 0.191616843 0.205367236 0.194588247 0.217116216 0.191311458 MAX TOPIC: 3
B0042FXRO0 0.199384006 0.201158599 0.199460983 0.200881392 0.199115019 MAX TOPIC: 1
B000IMFUEG 0.194590396 0.210434789 0.182496832 0.225243675 0.187234308 MAX TOPIC: 3
B0007KQ6GK 0.195382239 0.202761384 0.197523752 0.208992390 0.195340236 MAX TOPIC: 3
B00511PS3C 0.000000131 0.000700409 0.000001095 0.999298230 0.000000134 MAX TOPIC: 3
B002EBLLUG 0.198589100 0.200938696 0.198912866 0.203134205 0.198425133 MAX TOPIC: 3
B000E453FY 0.198593532 0.201191699 0.199088048 0.203883384 0.197243337 MAX TOPIC: 3
B005DDHING 0.198918001 0.201338926 0.199347132 0.201449692 0.198946249 MAX TOPIC: 3
B000OZ6BRW 0.197799858 0.201780546 0.198801273 0.204716214 0.196902109 MAX TOPIC: 3
B003M8R762 0.198602752 0.201481710 0.199622205 0.201679460 0.198613874 MAX TOPIC: 3
B00BWIDKJC 0.174396829 0.215672776 0.185295219 0.250683536 0.173951640 MAX TOPIC: 3
B00390KGH0 0.199600139 0.200758373 0.199184406 0.200663838 0.199793245 MAX TOPIC: 1
B00KGUTB86 0.189895789 0.206789930 0.193634710 0.220335954 0.189343617 MAX TOPIC: 3
B000VX9GI8 0.194542725 0.211682562 0.179027568 0.240669784 0.174077361 MAX TOPIC: 3
B004Y6GNWA 0.197976402 0.201463423 0.198798717 0.204024858 0.197736600 MAX TOPIC: 3
B0008IV9PY 0.200523834 0.199917966 0.199666627 0.200801350 0.199090224 MAX TOPIC: 3
B005E2ZAO0 0.195492954 0.203800044 0.196904992 0.208575136 0.195226874 MAX TOPIC: 3
B001EPMROW 0.157256242 0.225106042 0.155547879 0.321716778 0.140373059 MAX TOPIC: 3
B000YIZAI0 0.088187273 0.231952279 0.093649085 0.516568889 0.069642475 MAX TOPIC: 3
B005DDHB5G 0.198866839 0.200503248 0.199235481 0.202410426 0.198984006 MAX TOPIC: 3
B0049QOMJ6 0.198975604 0.200702602 0.199317737 0.202019499 0.198984558 MAX TOPIC: 3
B0055E99KI 0.199337037 0.201125692 0.198942342 0.201339602 0.199255326 MAX TOPIC: 3
B000OZ8COW 0.197159131 0.203505529 0.197923220 0.205191395 0.196220725 MAX TOPIC: 3
B002LGL726 0.200639654 0.200090654 0.199646147 0.200280430 0.199343115 MAX TOPIC: 0
B000P9KIA8 0.198600761 0.200446341 0.198940460 0.202041593 0.199970845 MAX TOPIC: 3
B000E9DWAC 0.198334525 0.202128398 0.199566622 0.201858534 0.198111921 MAX TOPIC: 1
B00CORIE7S 0.194347542 0.204036319 0.196597602 0.210371079 0.194647458 MAX TOPIC: 3
B0050MWDTO 0.199075788 0.200497263 0.199455389 0.201866704 0.199104855 MAX TOPIC: 3
B003BYRPU0 0.194292493 0.205316095 0.196770627 0.209114452 0.194506332 MAX TOPIC: 3
B009121ENK 0.120057963 0.230564040 0.138551439 0.389949660 0.120876898 MAX TOPIC: 3
B004AQKCE4 0.199151769 0.200871057 0.199516750 0.201292323 0.199168101 MAX TOPIC: 3
B0047T79KO 0.163963069 0.217061607 0.179272181 0.276642820 0.163060323 MAX TOPIC: 3
B00387EUY4 0.189916320 0.207275858 0.194227772 0.216753888 0.191826162 MAX TOPIC: 3
B00CCTM9LK 0.172889107 0.214477404 0.181578377 0.257347520 0.173707593 MAX TOPIC: 3
B0041L4T5G 0.199214769 0.200454339 0.199538158 0.201748220 0.199044513 MAX TOPIC: 3
B001UGRC2C 0.186110390 0.207949236 0.190382269 0.228964505 0.186593600 MAX TOPIC: 3
B001SIB15Q 0.199001836 0.200597628 0.199505948 0.201724126 0.199170462 MAX TOPIC: 3
B001ZRQFLK 0.198671505 0.200491275 0.199430486 0.202746156 0.198660578 MAX TOPIC: 3
B0089QK426 0.184648408 0.209536201 0.189624447 0.231033684 0.185157260 MAX TOPIC: 3
B00A8MLX2Y 0.121115146 0.229480191 0.141220671 0.386183911 0.122000081 MAX TOPIC: 3
B000K7MLSW 0.176642554 0.217594497 0.181634463 0.251858450 0.172270036 MAX TOPIC: 3
B005CGI0JA 0.199053338 0.201083615 0.199184956 0.202035176 0.198642916 MAX TOPIC: 3
B000MY46DQ 0.194425754 0.205521852 0.196816409 0.208760646 0.194475339 MAX TOPIC: 3
B000H72MMU 0.000052515 0.008170936 0.003445474 0.967455488 0.020875588 MAX TOPIC: 3
B0047A45AK 0.198419756 0.202096189 0.198839261 0.202341278 0.198303516 MAX TOPIC: 3
B002EOTJE8 0.108788060 0.232728511 0.121233760 0.439013685 0.098235984 MAX TOPIC: 3
B00308CKRA 0.199400095 0.200807419 0.199066579 0.202308617 0.198417290 MAX TOPIC: 3
B003Z5UMFU 0.193577994 0.203590475 0.196017218 0.214917557 0.191896756 MAX TOPIC: 3
B00084O8A6 0.194491537 0.203726346 0.196417924 0.213645405 0.191718788 MAX TOPIC: 3
B0018JVLLY 0.196590161 0.203479682 0.198575853 0.205289907 0.196064397 MAX TOPIC: 3
B002J7MUJQ 0.198453485 0.200676817 0.199128180 0.203186797 0.198554722 MAX TOPIC: 3
B000GVE6ZS 0.198867235 0.200631209 0.199230101 0.202632388 0.198639067 MAX TOPIC: 3
B000FIQC5E 0.177370444 0.209112932 0.170968692 0.264210320 0.178337612 MAX TOPIC: 3
B005DDILTG 0.199030774 0.200561003 0.199261983 0.202071674 0.199074566 MAX TOPIC: 3
B000NY7LIM 0.188686351 0.209707796 0.192926081 0.220878354 0.187801418 MAX TOPIC: 3
B000P9VK7I 0.199034261 0.200941330 0.199254913 0.201864963 0.198904533 MAX TOPIC: 3
B00015GYTU 0.136695449 0.217702499 0.166027668 0.372896331 0.106678053 MAX TOPIC: 3
B001B16NWQ 0.196748187 0.201774891 0.196173147 0.206668833 0.198634941 MAX TOPIC: 3
B008S2UWV4 0.196161742 0.202212987 0.197237292 0.207947685 0.196440293 MAX TOPIC: 3
B005BOMROW 0.192878889 0.203965624 0.196072889 0.212517953 0.194564645 MAX TOPIC: 3
B007TAAQZS 0.196456222 0.202331941 0.198006651 0.206798858 0.196406329 MAX TOPIC: 3
B000HGID1U 0.178883122 0.213091499 0.169321055 0.243732581 0.194971744 MAX TOPIC: 3
B002YZDABK 0.194284204 0.200570952 0.204373879 0.210099464 0.190671501 MAX TOPIC: 3
B00BDBS24G 0.198449012 0.201673731 0.199944174 0.201706607 0.198226477 MAX TOPIC: 3
B002S50UPA 0.199049389 0.199071485 0.198629639 0.199101945 0.204147542 MAX TOPIC: 4
B003O1WYFQ 0.197435970 0.202047604 0.199033536 0.205115110 0.196367780 MAX TOPIC: 3
B000EC19TU 0.196790077 0.200484826 0.197456550 0.202756462 0.202512085 MAX TOPIC: 3
B003XU5YSM 0.085075763 0.232087438 0.105641701 0.489579662 0.087615436 MAX TOPIC: 3
B000J3MLVE 0.193643876 0.207133349 0.194911144 0.213487393 0.190824238 MAX TOPIC: 3
B000IAPCWI 0.195533768 0.203719509 0.196019882 0.212222041 0.192504800 MAX TOPIC: 3
B0079BLTPS 0.021588444 0.165277217 0.033541154 0.758856857 0.020736329 MAX TOPIC: 3
B004OE2JRA 0.186446839 0.213127835 0.187713742 0.229914420 0.182797165 MAX TOPIC: 3
B000NPY3M8 0.198963419 0.201114015 0.199378491 0.202021269 0.198522806 MAX TOPIC: 3
B008MF3YO4 0.197829026 0.200972715 0.198936992 0.205060930 0.197200337 MAX TOPIC: 3
B000U9EVKG 0.195650506 0.203795071 0.195905801 0.209506536 0.195142085 MAX TOPIC: 3
B005N5I2QG 0.199336899 0.200402401 0.199572455 0.201428474 0.199259770 MAX TOPIC: 3
B007GD2LSS 0.199201949 0.200357071 0.199505964 0.201857728 0.199077288 MAX TOPIC: 3
B007RKLU28 0.199078366 0.200837184 0.198996960 0.202474621 0.198612869 MAX TOPIC: 3
B001D8TFZY 0.198150289 0.202209194 0.198728541 0.202901731 0.198010246 MAX TOPIC: 3
B0042ZYO88 0.199055539 0.200669621 0.199104115 0.202864015 0.198306711 MAX TOPIC: 3
B001RNNYHU 0.191168532 0.210922845 0.191496475 0.218624010 0.187788138 MAX TOPIC: 3
B003JHN0L2 0.198004744 0.201474534 0.198608985 0.204267823 0.197643913 MAX TOPIC: 3
B00BBFYVS0 0.197845131 0.200755863 0.198604133 0.205013239 0.197781633 MAX TOPIC: 3
B000NPWQGI 0.198512654 0.201560553 0.199314872 0.202134203 0.198477719 MAX TOPIC: 3
B002SCSRSU 0.172385291 0.220245544 0.183677598 0.249604592 0.174086976 MAX TOPIC: 3
B003OOKO4Q 0.197878991 0.201887919 0.198867085 0.203589291 0.197776714 MAX TOPIC: 3
B004UDP4YK 0.054110547 0.195337947 0.073343664 0.624104062 0.053103780 MAX TOPIC: 3
B000SSQCUG 0.199543247 0.200512781 0.199616493 0.200779841 0.199547637 MAX TOPIC: 3
B0038EV9UU 0.192783356 0.205311852 0.195155768 0.213626263 0.193122761 MAX TOPIC: 3
B004Q20PB2 0.197686690 0.199680063 0.193787346 0.201478646 0.207367255 MAX TOPIC: 4
B000LDR9T6 0.187293984 0.210813844 0.188959648 0.227175873 0.185756651 MAX TOPIC: 3
B004C4XO7Q 0.199320674 0.200977297 0.199710727 0.200852127 0.199139175 MAX TOPIC: 1
B003NZ4PJ6 0.189844077 0.207005029 0.193021791 0.220077793 0.190051310 MAX TOPIC: 3
B000QV6Z1G 0.200003294 0.200111525 0.199583528 0.201224225 0.199077428 MAX TOPIC: 3
B005KOZIJY 0.198904132 0.200841484 0.199524285 0.201708978 0.199021122 MAX TOPIC: 3
B002S4Z3OE 0.198455547 0.201360358 0.199281446 0.202411576 0.198491073 MAX TOPIC: 3
B000RIZ758 0.197938585 0.201101711 0.198177641 0.204944007 0.197838057 MAX TOPIC: 3
B004D2HYBE 0.198223612 0.200484462 0.198594835 0.204528380 0.198168711 MAX TOPIC: 3
B000LR921A 0.198591502 0.202397981 0.197864205 0.204395116 0.196751195 MAX TOPIC: 3
B003ZK8FMC 0.196176695 0.202194026 0.197366965 0.208290712 0.195971602 MAX TOPIC: 3
B008435G3G 0.195883173 0.202541018 0.197545596 0.208433996 0.195596218 MAX TOPIC: 3
B0010L45SG 0.188027524 0.207330753 0.192908958 0.224144147 0.187588617 MAX TOPIC: 3
B00308VABM 0.143912984 0.234886834 0.157818217 0.323740686 0.139641279 MAX TOPIC: 3
B002S16NRS 0.200376358 0.203497026 0.196243923 0.204479636 0.195403058 MAX TOPIC: 3
B0000918U2 0.192274247 0.206168485 0.195821538 0.213889970 0.191845761 MAX TOPIC: 3
B004VSSPSQ 0.200320613 0.200249111 0.198588362 0.202317885 0.198524029 MAX TOPIC: 3
B001JEPBT6 0.197163439 0.201629332 0.199115095 0.206051683 0.196040452 MAX TOPIC: 3
B00IIHNX10 0.175023864 0.211373208 0.184472302 0.253713919 0.175416707 MAX TOPIC: 3
B006AZGNO6 0.194678901 0.202975958 0.197230193 0.210586088 0.194528861 MAX TOPIC: 3
B00I0QIZ2Q 0.199480569 0.200002893 0.199764632 0.201510770 0.199241136 MAX TOPIC: 3
B005491MDG 0.187747660 0.207674475 0.192397170 0.224962299 0.187218396 MAX TOPIC: 3
B002CTSJ6E 0.193019991 0.205752865 0.196411857 0.212077286 0.192738002 MAX TOPIC: 3
B0042LIQAE 0.198956685 0.200284557 0.199274673 0.201948990 0.199535096 MAX TOPIC: 3
B002KEYJII 0.197526368 0.201793538 0.198752054 0.204383695 0.197544344 MAX TOPIC: 3
B008BDIQLS 0.196087237 0.203824769 0.198012597 0.206192180 0.195883217 MAX TOPIC: 3
B000BNSRLK 0.199861935 0.200382052 0.199214833 0.202244994 0.198296186 MAX TOPIC: 3
B000MY2AZW 0.197175929 0.201862016 0.198462144 0.204853353 0.197646558 MAX TOPIC: 3
B005LEYPZG 0.198479472 0.201157398 0.199005941 0.203215639 0.198141551 MAX TOPIC: 3
B000Y3YUOA 0.090549811 0.216689206 0.097521620 0.521027642 0.074211721 MAX TOPIC: 3
B000HWZYDY 0.196012917 0.201844291 0.197442729 0.208759853 0.195940210 MAX TOPIC: 3
B001TBGX8C 0.199169465 0.200349441 0.199735112 0.201657164 0.199088818 MAX TOPIC: 3
B004PEIGD0 0.199065056 0.200926805 0.199226763 0.202011512 0.198769863 MAX TOPIC: 3
B003CKEARO 0.190584235 0.205839198 0.193454680 0.219801809 0.190320078 MAX TOPIC: 3
B004VFG87O 0.185891355 0.209068802 0.190232763 0.229510182 0.185296898 MAX TOPIC: 3
B0087VOUGY 0.191435755 0.206933249 0.194451791 0.214970599 0.192208606 MAX TOPIC: 3
B00EHA3QM8 0.197523142 0.201912564 0.198236696 0.204574406 0.197753193 MAX TOPIC: 3
B005LD2L7Q 0.199298970 0.201047472 0.199442716 0.201155665 0.199055177 MAX TOPIC: 3
B000PSRVDG 0.198116244 0.201229279 0.198230193 0.205464228 0.196960056 MAX TOPIC: 3
B0009XHGJ6 0.198446512 0.201424497 0.198869853 0.202688558 0.198570580 MAX TOPIC: 3
B004ZEHIUM 0.197166445 0.201456861 0.198457361 0.205867605 0.197051727 MAX TOPIC: 3
B0044R8WXW 0.197866723 0.201074340 0.198634348 0.204546982 0.197877606 MAX TOPIC: 3
B00DIGID34 0.199309161 0.200395155 0.199821845 0.201240799 0.199233040 MAX TOPIC: 3
B000I4H1HS 0.197540774 0.201133127 0.198645338 0.205689965 0.196990797 MAX TOPIC: 3
B002S0ZMYO 0.197540197 0.202628468 0.198302986 0.203911096 0.197617253 MAX TOPIC: 3
B0061SJGLY 0.197608362 0.202088376 0.195646626 0.209341545 0.195315091 MAX TOPIC: 3
B000E6JLXW 0.189653759 0.208731573 0.193692740 0.219446417 0.188475512 MAX TOPIC: 3
B009HK30V0 0.001643342 0.061082223 0.004183469 0.931354408 0.001736558 MAX TOPIC: 3
B00BAQ4Q1M 0.184223151 0.215730684 0.189804349 0.226686000 0.183555816 MAX TOPIC: 3
B000CC6I5W 0.000000033 0.000786569 0.000000175 0.999213208 0.000000016 MAX TOPIC: 3
B003N3IFTE 0.199185790 0.200625103 0.199335833 0.201794127 0.199059148 MAX TOPIC: 3
B003STFB1S 0.197134164 0.203144090 0.198606312 0.204217690 0.196897745 MAX TOPIC: 3
B005DDIFEM 0.198578643 0.201123512 0.199457904 0.202174302 0.198665639 MAX TOPIC: 3
B004U5UCYU 0.186695012 0.210132511 0.189615689 0.231103655 0.182453133 MAX TOPIC: 3
B001TEFZLU 0.173515037 0.224995244 0.181760932 0.255362030 0.164366758 MAX TOPIC: 3
B008S2S6XK 0.191759830 0.204717239 0.195155310 0.216728562 0.191639059 MAX TOPIC: 3
B00504T4Q2 0.195398531 0.200612707 0.196894927 0.204401505 0.202692331 MAX TOPIC: 3
B00ISGCAJM 0.000019054 0.006692349 0.000086645 0.993177105 0.000024846 MAX TOPIC: 3
B004Y6GO24 0.198029606 0.201038522 0.198829872 0.202698275 0.199403726 MAX TOPIC: 3
B000FLV8G4 0.182968742 0.218990277 0.181462738 0.238427274 0.178150969 MAX TOPIC: 3
B002SLOO8I 0.199230012 0.200662822 0.199719923 0.201132923 0.199254320 MAX TOPIC: 3
B00BMU3AOK 0.198904743 0.200997211 0.199525697 0.201649902 0.198922447 MAX TOPIC: 3
B001TJV8AC 0.198275150 0.202621906 0.196957252 0.208047977 0.194097714 MAX TOPIC: 3
B00EJPY6PM 0.196892871 0.202876775 0.198466194 0.204393443 0.197370718 MAX TOPIC: 3
B00DPTRHKY 0.199372871 0.201136100 0.199391413 0.200902315 0.199197301 MAX TOPIC: 1
B0038N5YY8 0.200373616 0.199966270 0.195689791 0.202686754 0.201283569 MAX TOPIC: 3
B00IQVF1KE 0.196263492 0.201726557 0.197528545 0.207927426 0.196553980 MAX TOPIC: 3
B0047T79TU 0.042778161 0.203826208 0.065888552 0.648660008 0.038847072 MAX TOPIC: 3
B004KOMYJC 0.189310712 0.207661977 0.192909013 0.220648877 0.189469421 MAX TOPIC: 3
B0047T79TA 0.109111214 0.231213534 0.136229461 0.407670673 0.115775118 MAX TOPIC: 3
B00070HKVA 0.194564673 0.203701282 0.196679129 0.211280707 0.193774210 MAX TOPIC: 3
B006BT9JO2 0.164052905 0.225056160 0.176164985 0.268856013 0.165869937 MAX TOPIC: 3
B0061HBKTQ 0.198568531 0.200613121 0.199160550 0.202867343 0.198790456 MAX TOPIC: 3
B000PWNIXO 0.199108875 0.200345582 0.199240330 0.202175430 0.199129783 MAX TOPIC: 3
B0038OMRAG 0.151178988 0.220418164 0.180064026 0.298662295 0.149676528 MAX TOPIC: 3
B007WOSOZK 0.185590939 0.210604717 0.191477824 0.227285969 0.185040552 MAX TOPIC: 3
B000MQ8O82 0.198603830 0.200929085 0.198996261 0.203061530 0.198409294 MAX TOPIC: 3
B0006ZNC9K 0.191315973 0.213741720 0.189367841 0.222296788 0.183277678 MAX TOPIC: 3
B009O4G9EY 0.199144362 0.201546071 0.198833740 0.202274563 0.198201264 MAX TOPIC: 3
B00BUJILVU 0.168832333 0.215358507 0.178635267 0.269877489 0.167296404 MAX TOPIC: 3
B001DJ9F30 0.197644246 0.201759961 0.198014385 0.205840105 0.196741302 MAX TOPIC: 3
B00IX2VGFA 0.002529939 0.076768343 0.007156953 0.910650658 0.002894106 MAX TOPIC: 3
B001FB578I 0.040876553 0.169879882 0.056074245 0.698869209 0.034300112 MAX TOPIC: 3
B000GFHHWI 0.154957946 0.208279674 0.142921534 0.286776672 0.207064174 MAX TOPIC: 3
B000WWMXHO 0.199493423 0.200456500 0.199885213 0.200866251 0.199298613 MAX TOPIC: 3
B000IN004K 0.052557682 0.138965580 0.017133734 0.471165906 0.320177098 MAX TOPIC: 3
B0050MWECK 0.092504239 0.212860383 0.090802014 0.411054361 0.192779003 MAX TOPIC: 3
B000OEI6IK 0.199106652 0.201043564 0.198530476 0.203933227 0.197386082 MAX TOPIC: 3
B000J1CHF6 0.198126092 0.201892153 0.198638910 0.203267665 0.198075180 MAX TOPIC: 3
B000TK9NI6 0.195801131 0.203510888 0.196443038 0.209616465 0.194628479 MAX TOPIC: 3
B003SX0O34 0.041891141 0.191696115 0.049082639 0.688831293 0.028498811 MAX TOPIC: 3
B0007XXHNW 0.000010645 0.002825998 0.000013462 0.204179724 0.792970171 MAX TOPIC: 4
B000LR3FCM 0.200440542 0.200156519 0.199124380 0.202612575 0.197665984 MAX TOPIC: 3
B000CS8R46 0.159262205 0.223241229 0.176571683 0.287548037 0.153376845 MAX TOPIC: 3
B0037ATLO6 0.199156047 0.201325031 0.199416913 0.201322011 0.198779997 MAX TOPIC: 1
B001XY84WS 0.205757959 0.202105234 0.191742154 0.210858549 0.189536103 MAX TOPIC: 3
B0041F1D3S 0.198379038 0.202180838 0.199072391 0.202316344 0.198051388 MAX TOPIC: 3
B0049TKM74 0.199241886 0.200414875 0.199472742 0.201609084 0.199261413 MAX TOPIC: 3
B000NX0N7Y 0.180984509 0.212241429 0.183564746 0.246833604 0.176375711 MAX TOPIC: 3
B000OZ0AF6 0.194454186 0.203946681 0.196729874 0.209902595 0.194966664 MAX TOPIC: 3
B005Q39PTI 0.054235616 0.197283702 0.074216894 0.620865707 0.053398081 MAX TOPIC: 3
B00IGHF2S4 0.200753188 0.199971375 0.199207149 0.201067411 0.199000877 MAX TOPIC: 3
B0030F7OEC 0.180550982 0.214937048 0.187800492 0.237501321 0.179210158 MAX TOPIC: 3
B00AEKEA48 0.000044318 0.011712140 0.000274274 0.987920176 0.000049091 MAX TOPIC: 3
B002KESYJI 0.198419195 0.200968050 0.198458288 0.204747792 0.197406675 MAX TOPIC: 3
B00622AH0I 0.199738175 0.200060613 0.199769736 0.200752415 0.199679061 MAX TOPIC: 3
B004YIZYKA 0.198022774 0.201265724 0.198657660 0.204118773 0.197935069 MAX TOPIC: 3
B000K8EKAI 0.196253110 0.203025016 0.197515330 0.207633644 0.195572900 MAX TOPIC: 3
B000SZ7DIY 0.199183463 0.200537512 0.199559876 0.202684042 0.198035107 MAX TOPIC: 3
B0014IUVOM 0.153533478 0.220087379 0.151245848 0.341124203 0.134009091 MAX TOPIC: 3
B004WYA7EE 0.170878039 0.241809222 0.152191117 0.307441885 0.127679737 MAX TOPIC: 3
B002V40VZW 0.196918435 0.203559146 0.197996352 0.205180813 0.196345253 MAX TOPIC: 3
B00CD0J5S8 0.193216035 0.204984407 0.195697659 0.212804502 0.193297396 MAX TOPIC: 3
B0043BUHRS 0.198671473 0.200879168 0.198918775 0.203173557 0.198357027 MAX TOPIC: 3
B001IXSLSG 0.199001862 0.200459891 0.199406446 0.202162572 0.198969229 MAX TOPIC: 3
B003OP2IA8 0.198756536 0.200887618 0.199172969 0.202234646 0.198948230 MAX TOPIC: 3
B003O4D71S 0.192436097 0.204855967 0.193925513 0.217334824 0.191447598 MAX TOPIC: 3
B000K6XJCK 0.199490974 0.200154384 0.199937534 0.201014489 0.199402619 MAX TOPIC: 3
B005AJTU2A 0.198343161 0.201380603 0.198964749 0.202961979 0.198349508 MAX TOPIC: 3
B0021M6OD2 0.194088664 0.203266939 0.196394244 0.212537849 0.193712304 MAX TOPIC: 3
B00ISGCDC6 0.194810805 0.202765646 0.197535410 0.209884181 0.195003958 MAX TOPIC: 3
B003TM9PFW 0.198515996 0.200996537 0.199825539 0.202180868 0.198481060 MAX TOPIC: 3
B009RJY2T0 0.199177205 0.200263081 0.199536247 0.201759402 0.199264065 MAX TOPIC: 3
B004VQFPCC 0.193779901 0.206761299 0.192778523 0.209688895 0.196991382 MAX TOPIC: 3
B0010Q7UA6 0.199408838 0.200616912 0.199727149 0.200960863 0.199286239 MAX TOPIC: 3
B0081SA3VY 0.199213539 0.200271773 0.199618553 0.201680006 0.199216129 MAX TOPIC: 3
B000GKD13C 0.197858594 0.201949285 0.198964338 0.203386600 0.197841183 MAX TOPIC: 3
B001YSIR98 0.198777957 0.201149700 0.199396122 0.201967624 0.198708596 MAX TOPIC: 3
B002ZXB7KW 0.189855415 0.205939165 0.194320879 0.221869153 0.188015388 MAX TOPIC: 3
B0002XM01C 0.099582664 0.170163050 0.113117613 0.262548834 0.354587839 MAX TOPIC: 4
B00C5K5K80 0.197498590 0.202082988 0.198538184 0.204235644 0.197644595 MAX TOPIC: 3
B00IMPM8OQ 0.117941117 0.230262161 0.142789353 0.387965140 0.121042230 MAX TOPIC: 3
B003QTGDN0 0.200767800 0.200198628 0.199075075 0.201113619 0.198844878 MAX TOPIC: 3
B00BAQ7XOE 0.184635591 0.210525145 0.190130390 0.231043753 0.183665120 MAX TOPIC: 3
B00B5WBYZM 0.193415283 0.203479976 0.195953542 0.213266509 0.193884690 MAX TOPIC: 3
B004OLGU2S 0.199036765 0.200343532 0.199658729 0.201990477 0.198970496 MAX TOPIC: 3
